ParametricCoefficients             Estimate   StdErr    ZValue  PValue   Significance 
(Intercept)                        1.0025915  0.0070535 142.140 2e-16    ***
sexM                               0.0037566  0.0068676   0.547 0.584374    
apoe4                             -0.0066245  0.0058260  -1.137 0.255518    
cohortbaseline_cdr_gt_0p5_apos    -0.1033085  0.0124500  -8.298 2e-16    ***
cohortbaseline_emci               -0.0411919  0.0101627  -4.053 5.05e-05 ***
cohortbaseline_lmci               -0.0228820  0.0101760  -2.249 0.024536 *  
cohortbaseline_preclinical        -0.0065470  0.0103069  -0.635 0.525297    
(Intercept).1                      1.2350343  0.0081677 151.210 2e-16    ***
sexM.1                            -0.0127087  0.0079524  -1.598 0.110024    
apoe4.1                           -0.0101080  0.0067463  -1.498 0.134052    
cohortbaseline_cdr_gt_0p5_apos.1  -0.2123392  0.0144166 -14.729 2e-16    ***
cohortbaseline_emci.1             -0.0386421  0.0117680  -3.284 0.001025 ** 
cohortbaseline_lmci.1             -0.0599393  0.0117833  -5.087 3.64e-07 ***
cohortbaseline_preclinical.1      -0.0167641  0.0119350  -1.405 0.160134    
(Intercept).2                      1.3145609  0.0090412 145.396 2e-16    ***
sexM.2                            -0.0092022  0.0088026  -1.045 0.295839    
apoe4.2                           -0.0085173  0.0074670  -1.141 0.254011    
cohortbaseline_cdr_gt_0p5_apos.2  -0.1913295  0.0159689 -11.981 2e-16    ***
cohortbaseline_emci.2             -0.0397407  0.0130272  -3.051 0.002284 ** 
cohortbaseline_lmci.2             -0.0610618  0.0130463  -4.680 2.86e-06 ***
cohortbaseline_preclinical.2      -0.0167603  0.0132109  -1.269 0.204558    
(Intercept).3                      1.2328589  0.0081774 150.765 2e-16    ***
sexM.3                            -0.0075775  0.0079619  -0.952 0.341236    
apoe4.3                           -0.0042853  0.0067543  -0.634 0.525781    
cohortbaseline_cdr_gt_0p5_apos.3  -0.1428010  0.0144336  -9.894 2e-16    ***
cohortbaseline_emci.3             -0.0290428  0.0117820  -2.465 0.013701 *  
cohortbaseline_lmci.3             -0.0444971  0.0117973  -3.772 0.000162 ***
cohortbaseline_preclinical.3      -0.0081449  0.0119491  -0.682 0.495470    
(Intercept).4                      1.2619373  0.0097500 129.429 2e-16    ***
sexM.4                            -0.0218134  0.0094923  -2.298 0.021561 *  
apoe4.4                           -0.0135694  0.0080516  -1.685 0.091932 .  
cohortbaseline_cdr_gt_0p5_apos.4  -0.1884266  0.0172230 -10.940 2e-16    ***
cohortbaseline_emci.4             -0.0174863  0.0140473  -1.245 0.213199    
cohortbaseline_lmci.4             -0.0500145  0.0140706  -3.555 0.000379 ***
cohortbaseline_preclinical.4      -0.0065279  0.0142461  -0.458 0.646788    
(Intercept).5                      1.0836876  0.0060976 177.723 2e-16    ***
sexM.5                            -0.0022718  0.0059345  -0.383 0.701865    
apoe4.5                           -0.0073428  0.0050320  -1.459 0.144510    
cohortbaseline_cdr_gt_0p5_apos.5  -0.0572688  0.0108020  -5.302 1.15e-07 ***
cohortbaseline_emci.5             -0.0128053  0.0087852  -1.458 0.144950    
cohortbaseline_lmci.5             -0.0066278  0.0088089  -0.752 0.451811    
cohortbaseline_preclinical.5      -0.0043053  0.0089074  -0.483 0.628850    
(Intercept).6                      1.0215964  0.0058506 174.613 2e-16    ***
sexM.6                            -0.0007748  0.0056964  -0.136 0.891813    
apoe4.6                           -0.0087748  0.0048324  -1.816 0.069401 .  
cohortbaseline_cdr_gt_0p5_apos.6  -0.1269727  0.0103271 -12.295 2e-16    ***
cohortbaseline_emci.6             -0.0211984  0.0084296  -2.515 0.011912 *  
cohortbaseline_lmci.6             -0.0379028  0.0084406  -4.491 7.10e-06 ***
cohortbaseline_preclinical.6      -0.0063606  0.0085492  -0.744 0.456874    
(Intercept).7                      1.0395287  0.0069589 149.380 2e-16    ***
sexM.7                            -0.0092685  0.0067755  -1.368 0.171333    
apoe4.7                           -0.0034528  0.0057479  -0.601 0.548038    
cohortbaseline_cdr_gt_0p5_apos.7  -0.1480156  0.0122831 -12.050 2e-16    ***
cohortbaseline_emci.7             -0.0256573  0.0100265  -2.559 0.010499 *  
cohortbaseline_lmci.7             -0.0488769  0.0100395  -4.868 1.12e-06 ***
cohortbaseline_preclinical.7      -0.0152439  0.0101687  -1.499 0.133846    
(Intercept).8                      1.0449941  0.0088968 117.457 2e-16    ***
sexM.8                            -0.0287488  0.0086623  -3.319 0.000904 ***
apoe4.8                           -0.0054778  0.0073485  -0.745 0.456016    
cohortbaseline_cdr_gt_0p5_apos.8  -0.1420512  0.0157036  -9.046 2e-16    ***
cohortbaseline_emci.8              0.0140282  0.0128186   1.094 0.273795    
cohortbaseline_lmci.8             -0.0416767  0.0128352  -3.247 0.001166 ** 
cohortbaseline_preclinical.8      -0.0013974  0.0130004  -0.107 0.914401    
(Intercept).9                      0.9283182  0.0031115 298.350 2e-16    ***
sexM.9                            -0.0036948  0.0030295  -1.220 0.222614    
apoe4.9                           -0.0030620  0.0025700  -1.191 0.233485    
cohortbaseline_cdr_gt_0p5_apos.9  -0.0669241  0.0054920 -12.186 2e-16    ***
cohortbaseline_emci.9             -0.0116930  0.0044831  -2.608 0.009100 ** 
cohortbaseline_lmci.9             -0.0216274  0.0044889  -4.818 1.45e-06 ***
cohortbaseline_preclinical.9      -0.0042010  0.0045466  -0.924 0.355496    
(Intercept).10                     1.0659781  0.0098228 108.521 2e-16    ***
sexM.10                           -0.0222814  0.0095639  -2.330 0.019820 *  
apoe4.10                          -0.0039915  0.0081133  -0.492 0.622744    
cohortbaseline_cdr_gt_0p5_apos.10 -0.1138552  0.0173378  -6.567 5.14e-11 ***
cohortbaseline_emci.10             0.0140337  0.0141527   0.992 0.321395    
cohortbaseline_lmci.10            -0.0307579  0.0141711  -2.170 0.029971 *  
cohortbaseline_preclinical.10      0.0093835  0.0143534   0.654 0.513277    
(Intercept).11                     1.3097115  0.0081360 160.977 2e-16    ***
sexM.11                           -0.0073816  0.0079216  -0.932 0.351420    
apoe4.11                          -0.0065203  0.0067201  -0.970 0.331916    
cohortbaseline_cdr_gt_0p5_apos.11 -0.1323986  0.0143608  -9.219 2e-16    ***
cohortbaseline_emci.11            -0.0158094  0.0117224  -1.349 0.177449    
cohortbaseline_lmci.11            -0.0362720  0.0117376  -3.090 0.002000 ** 
cohortbaseline_preclinical.11     -0.0113479  0.0118886  -0.955 0.339824    
(Intercept).12                     0.9990196  0.0043225 231.123 2e-16    ***
sexM.12                           -0.0103496  0.0042061  -2.461 0.013870 *  
apoe4.12                           0.0029164  0.0035658   0.818 0.413432    
cohortbaseline_cdr_gt_0p5_apos.12 -0.0385272  0.0076689  -5.024 5.07e-07 ***
cohortbaseline_emci.12             0.0026758  0.0062277   0.430 0.667438    
cohortbaseline_lmci.12            -0.0120502  0.0062479  -1.929 0.053770 .  
cohortbaseline_preclinical.12     -0.0077258  0.0063135  -1.224 0.221064    
(Intercept).13                     0.8767896  0.0066359 132.128 2e-16    ***
sexM.13                           -0.0170884  0.0064610  -2.645 0.008173 ** 
apoe4.13                           0.0050683  0.0054811   0.925 0.355126    
cohortbaseline_cdr_gt_0p5_apos.13 -0.1262716  0.0117128 -10.781 2e-16    ***
cohortbaseline_emci.13            -0.0249283  0.0095610  -2.607 0.009126 ** 
cohortbaseline_lmci.13            -0.0559688  0.0095735  -5.846 5.03e-09 ***
cohortbaseline_preclinical.13     -0.0167322  0.0096966  -1.726 0.084425 .  
(Intercept).14                     0.9202034  0.0051892 177.331 2e-16    ***
sexM.14                            0.0009706  0.0050514   0.192 0.847630    
apoe4.14                          -0.0092730  0.0042841  -2.165 0.030424 *  
cohortbaseline_cdr_gt_0p5_apos.14 -0.0704177  0.0091769  -7.673 1.68e-14 ***
cohortbaseline_emci.14            -0.0183220  0.0074761  -2.451 0.014256 *  
cohortbaseline_lmci.14            -0.0176898  0.0074919  -2.361 0.018216 *  
cohortbaseline_preclinical.14     -0.0016225  0.0075813  -0.214 0.830536    
(Intercept).15                     1.1761850  0.0082186 143.113 2e-16    ***
sexM.15                           -0.0005780  0.0080020  -0.072 0.942417    
apoe4.15                          -0.0095090  0.0067883  -1.401 0.161278    
cohortbaseline_cdr_gt_0p5_apos.15 -0.0880957  0.0145066  -6.073 1.26e-09 ***
cohortbaseline_emci.15            -0.0154076  0.0118414  -1.301 0.193202    
cohortbaseline_lmci.15            -0.0110882  0.0118568  -0.935 0.349699    
cohortbaseline_preclinical.15      0.0065164  0.0120093   0.543 0.587395 